(CV26) mastervec@PICHAUP-3MNS6G0:~/lab4_arquivos$ python3 L4_cal.py
Camera matrix :

[[688.74127581   0.         310.01835887]
 [  0.         687.49396431 227.62319932]
 [  0.           0.           1.        ]]
dist :

[[ 0.00529585  0.01274396 -0.00994645  0.00177052  0.72881822]]
rvecs :

(array([[ 0.02295434],
       [-0.15885883],
       [-1.19278883]]), array([[ 0.35687307],
       [-0.74695868],
       [ 1.52264057]]), array([[ 0.62487207],
       [-0.0927544 ],
       [ 1.38091523]]), array([[-0.2009932 ],
       [-0.95326868],
       [-1.48300464]]), array([[-0.17121905],
       [-0.10240558],
       [-1.53491995]]), array([[ 0.4296545 ],
       [-0.10248925],
       [-0.7847062 ]]), array([[ 0.21847777],
       [-0.30393594],
       [ 1.31413771]]), array([[0.11165919],
       [0.32130511],
       [1.61951733]]), array([[-0.56735483],
       [ 0.5276424 ],
       [ 1.49211994]]), array([[-0.47731527],
       [ 0.44579971],
       [-1.15540649]]), array([[-0.7289217 ],
       [-0.37510678],
       [ 1.54259608]]), array([[ 0.50506429],
       [ 0.00524495],
       [-0.69968609]]), array([[ 0.35829082],
       [-0.53111698],
       [ 1.5688681 ]]), array([[ 0.48912172],
       [-0.01122257],
       [-0.76256593]]))
tvecs :

(array([[-3.60752191],
       [ 1.64502852],
       [15.33287526]]), array([[ 4.66182283],
       [-2.2674929 ],
       [14.19207466]]), array([[ 3.06825974],
       [-2.00770166],
       [12.31571876]]), array([[-1.75188228],
       [ 2.41801129],
       [14.2133826 ]]), array([[-3.23905195],
       [ 3.24627767],
       [14.81497927]]), array([[-3.03728769],
       [ 0.48503849],
       [18.44989739]]), array([[ 2.43618305],
       [-2.16405779],
       [12.85241657]]), array([[ 5.35845193],
       [-2.15245331],
       [14.11455023]]), array([[ 3.37211714],
       [-1.97559806],
       [13.87676821]]), array([[-2.94297795],
       [ 1.14544651],
       [18.03396117]]), array([[ 2.57183044],
       [-1.08907665],
       [16.92648188]]), array([[-5.528345  ],
       [ 0.27469265],
       [17.47810628]]), array([[ 4.14277903],
       [-1.89454168],
       [15.52619213]]), array([[-1.8873195 ],
       [ 0.11305227],
       [16.12345556]]))